1734625406189 2.6185548305511475 0
1734625406197 2.201979637145996 1
1734625406206 2.078458070755005 2
1734625406220 2.014758825302124 3
1734625406224 1.9700500965118408 4
1734625406234 1.9362869262695312 5
1734625406246 1.9016051292419434 6
1734625406246 1.8706109523773193 7
1734625406258 1.8502705097198486 8
1734625406264 1.8197331428527832 9
1734625406274 1.7983330488204956 10
1734625406284 1.7706165313720703 11
1734625406288 1.74838387966156 12
1734625406296 1.722887396812439 13
1734625406304 1.7011325359344482 14
1734625406313 1.6741420030593872 15
1734625406314 1.6498327255249023 16
1734625406325 1.6284711360931396 17
1734625406361 1.6079373359680176 18
1734625406368 1.585876703262329 19
1734625406377 1.5677192211151123 20
1734625406384 1.5502440929412842 21
1734625406393 1.532232642173767 22
1734625406394 1.5082855224609375 23
1734625406404 1.4883965253829956 24
1734625406414 1.4656829833984375 25
1734625406424 1.442347526550293 26
1734625406426 1.4272327423095703 27
1734625406434 1.4120880365371704 28
1734625406447 1.3930692672729492 29
1734625406457 1.3669407367706299 30
1734625406464 1.3453090190887451 31
1734625406469 1.3242292404174805 32
1734625406475 1.297614574432373 33
1734625406484 1.2932783365249634 34
1734625406494 1.2697416543960571 35
1734625406504 1.2535500526428223 36
1734625406509 1.2264560461044312 37
1734625406517 1.2092373371124268 38
1734625406533 1.1971759796142578 39
1734625406544 1.1781976222991943 40
1734625406557 1.1467366218566895 41
1734625406566 1.1451860666275024 42
1734625406574 1.1198270320892334 43
1734625406584 1.1110624074935913 44
1734625406591 1.0923770666122437 45
1734625406599 1.064692735671997 46
1734625406607 1.049375057220459 47
1734625406615 1.019763469696045 48
1734625406625 0.9993295669555664 49
