1734556941812 12.363826751708984 0
1734556941820 11.701628684997559 1
1734556941826 11.403899192810059 2
1734556941831 11.255376815795898 3
1734556941837 11.119088172912598 4
1734556941841 10.975981712341309 5
1734556941846 10.841867446899414 6
1734556941852 10.741353034973145 7
1734556941857 10.617250442504883 8
1734556941861 10.502120018005371 9
1734556941868 10.38644790649414 10
1734556941872 10.252111434936523 11
1734556941878 10.1530179977417 12
1734556941883 10.027731895446777 13
1734556941887 9.913119316101074 14
1734556941892 9.78897762298584 15
1734556941897 9.67618179321289 16
1734556941901 9.551492691040039 17
1734556941906 9.43265151977539 18
1734556941912 9.345130920410156 19
1734556941918 9.257342338562012 20
1734556941922 9.124227523803711 21
1734556941928 9.028363227844238 22
1734556941934 8.908670425415039 23
1734556941940 8.824189186096191 24
1734556941945 8.702244758605957 25
1734556941949 8.610968589782715 26
1734556941954 8.51915454864502 27
1734556941960 8.411120414733887 28
1734556941965 8.319549560546875 29
1734556941970 8.205464363098145 30
1734556941975 8.13182544708252 31
1734556941981 8.101341247558594 32
1734556941985 7.959801197052002 33
1734556941992 7.954087734222412 34
1734556941997 7.830685138702393 35
1734556942004 7.657049179077148 36
1734556942010 7.61284065246582 37
1734556942016 7.554075241088867 38
1734556942020 7.430113315582275 39
1734556942025 7.372686862945557 40
1734556942030 7.274959087371826 41
1734556942035 7.161805152893066 42
1734556942040 7.073834419250488 43
1734556942046 6.959690093994141 44
1734556942051 6.917860507965088 45
1734556942056 6.833847999572754 46
1734556942061 6.734644412994385 47
1734556942067 6.795173645019531 48
1734556942073 6.723654270172119 49
