1734190550710 507840.03125 0
1734190551077 61191.6015625 1
1734190551422 46907.7109375 2
1734190551752 45410.5390625 3
1734190551979 45167.765625 4
1734190552293 45091.23046875 5
1734190552523 45305.875 6
1734190552753 45344.7890625 7
1734190552973 45091.71875 8
1734190553260 45174.4765625 9
1734190553496 45351.703125 10
1734190553750 45036.671875 11
1734190553973 44877.36328125 12
1734190554312 45022.2890625 13
1734190554531 44942.51953125 14
1734190554751 45086.78125 15
1734190555093 45023.48046875 16
1734190555305 45143.203125 17
1734190555534 45193.30078125 18
1734190555762 44854.03515625 19
1734190555990 44846.9140625 20
1734190556349 44688.75390625 21
1734190556672 44566.69921875 22
1734190556903 44445.83984375 23
1734190557205 44569.9609375 24
1734190557426 44275.43359375 25
1734190557743 44608.546875 26
1734190557980 44244.4609375 27
1734190558363 44229.53125 28
1734190558583 44296.328125 29
1734190558824 44313.6953125 30
1734190559044 44455.3984375 31
1734190559353 44288.85546875 32
1734190559574 44076.76171875 33
1734190559810 44739.76171875 34
1734190560021 44640.2890625 35
1734190560339 43799.37109375 36
1734190560681 43954.828125 37
1734190560903 43859.63671875 38
1734190561119 43942.9609375 39
1734190561430 43837.578125 40
1734190561658 43645.05078125 41
1734190561977 43770.80859375 42
1734190562203 43568.73046875 43
1734190562415 43488.28515625 44
1734190562634 43485.46484375 45
1734190562870 43595.8359375 46
1734190563108 43346.390625 47
1734190563735 43574.19140625 48
1734190564051 43093.19140625 49
