1734190550710 651.9195556640625 0
1734190551077 194.32603454589844 1
1734190551422 166.57664489746094 2
1734190551752 163.47789001464844 3
1734190551979 162.7209014892578 4
1734190552293 162.5956573486328 5
1734190552523 163.0806884765625 6
1734190552753 163.1509246826172 7
1734190552973 162.74366760253906 8
1734190553260 162.81251525878906 9
1734190553496 163.14427185058594 10
1734190553750 162.31007385253906 11
1734190553973 162.2407684326172 12
1734190554312 162.77963256835938 13
1734190554531 162.38165283203125 14
1734190554751 162.63682556152344 15
1734190555093 162.3453369140625 16
1734190555305 163.47271728515625 17
1734190555534 163.58433532714844 18
1734190555762 162.35264587402344 19
1734190555990 162.23777770996094 20
1734190556349 162.0111846923828 21
1734190556672 161.81541442871094 22
1734190556903 161.57537841796875 23
1734190557205 161.74542236328125 24
1734190557426 161.2586669921875 25
1734190557743 162.14859008789062 26
1734190557980 161.12774658203125 27
1734190558363 161.4798583984375 28
1734190558583 161.2267303466797 29
1734190558824 161.52610778808594 30
1734190559044 161.8131103515625 31
1734190559353 161.03256225585938 32
1734190559574 161.6104278564453 33
1734190559810 161.3853302001953 34
1734190560021 162.539794921875 35
1734190560339 160.4741668701172 36
1734190560681 161.38153076171875 37
1734190560903 160.28021240234375 38
1734190561119 160.61424255371094 39
1734190561430 160.80108642578125 40
1734190561658 160.32589721679688 41
1734190561977 160.73841857910156 42
1734190562203 160.05014038085938 43
1734190562415 159.91824340820312 44
1734190562634 160.11280822753906 45
1734190562870 160.69390869140625 46
1734190563108 159.611083984375 47
1734190563735 160.58876037597656 48
1734190564051 159.20806884765625 49
