1734190140105 437518.71875 0
1734190140439 70740.0625 1
1734190140817 46909.68359375 2
1734190141098 45391.18359375 3
1734190141325 45125.19140625 4
1734190141544 45158.37109375 5
1734190141788 45105.05078125 6
1734190142115 45113.9140625 7
1734190142467 45063.96484375 8
1734190142729 45112.6640625 9
1734190143040 45187.68359375 10
1734190143271 45088.63671875 11
1734190143589 45006.92578125 12
1734190143946 45040.5859375 13
1734190144189 45225.96484375 14
1734190144419 45174.453125 15
1734190144760 44820.7265625 16
1734190144980 45350.7890625 17
1734190145333 44761.05078125 18
1734190145557 44636.75 19
1734190145864 44751.7734375 20
1734190146093 44599.203125 21
1734190146381 44497.33984375 22
1734190146620 44507.546875 23
1734190146831 44523.9296875 24
1734190147094 44380.73046875 25
1734190147409 44332.01171875 26
1734190147638 44458.76171875 27
1734190147953 44629.578125 28
1734190148182 44549.26171875 29
1734190148419 44269.44921875 30
1734190148746 44149.93359375 31
1734190148983 44444.63671875 32
1734190149215 44314.234375 33
1734190149590 44476.71875 34
1734190149912 44031.38671875 35
1734190150240 43994.390625 36
1734190150583 43938.51171875 37
1734190150958 44265.9453125 38
1734190151324 44009.8359375 39
1734190151633 43975.06640625 40
1734190151942 43798.96484375 41
1734190152280 43708.4609375 42
1734190152495 43701.00390625 43
1734190152805 43664.75 44
1734190153187 43739.19921875 45
1734190153406 43698.0546875 46
1734190153724 43370.328125 47
1734190154033 43450.5546875 48
1734190154269 43236.00390625 49
