1734190140105 612.5320434570312 0
1734190140439 210.55552673339844 1
1734190140817 166.94921875 2
1734190141098 163.0489959716797 3
1734190141325 162.44439697265625 4
1734190141544 162.62289428710938 5
1734190141788 162.48655700683594 6
1734190142115 162.48501586914062 7
1734190142467 162.58432006835938 8
1734190142729 162.3777313232422 9
1734190143040 162.8542022705078 10
1734190143271 162.33349609375 11
1734190143589 162.3912811279297 12
1734190143946 162.72142028808594 13
1734190144189 162.68081665039062 14
1734190144419 162.544921875 15
1734190144760 162.07510375976562 16
1734190144980 163.1691436767578 17
1734190145333 161.98785400390625 18
1734190145557 161.5913543701172 19
1734190145864 162.0078582763672 20
1734190146093 161.85528564453125 21
1734190146381 161.62188720703125 22
1734190146620 161.53855895996094 23
1734190146831 161.66624450683594 24
1734190147094 161.2554473876953 25
1734190147409 161.20730590820312 26
1734190147638 161.6345672607422 27
1734190147953 161.80361938476562 28
1734190148182 161.82765197753906 29
1734190148419 161.2028350830078 30
1734190148746 160.76268005371094 31
1734190148983 161.85414123535156 32
1734190149215 161.14793395996094 33
1734190149590 161.62681579589844 34
1734190149912 160.7430419921875 35
1734190150240 160.72369384765625 36
1734190150583 160.5743865966797 37
1734190150958 161.68093872070312 38
1734190151324 161.01951599121094 39
1734190151633 160.88555908203125 40
1734190151942 160.38345336914062 41
1734190152280 160.9150848388672 42
1734190152495 160.2957763671875 43
1734190152805 160.1533660888672 44
1734190153187 160.20367431640625 45
1734190153406 160.4709014892578 46
1734190153724 159.9138641357422 47
1734190154033 159.9503936767578 48
1734190154269 159.36245727539062 49
